  npes   npe   mpe   idm   jdm  ibig  jbig  nreg  minsea  maxsea  avesea
   223    18    16   360   385    40    25     2       0     500     406

ispt(  1) =      1     0    49     0     0     0     0     0
                 0     0     0     0   273   301   341     0
                 0     0
iipe(  1) =      8     0    40     0     0     0     0     0
                 0     0     0     0    28    40    20     0
                 0     0
ispt(  2) =      1    28    61    81   101   141   181   221
               261   281   301   321   341     0     0     0
                 0     0
iipe(  2) =     27    33    20    20    40    40    40    40
                20    20    20    20    20     0     0     0
                 0     0
ispt(  3) =      1    21    41    61    81   101   121   141
               161   181   201   221   241   261   281   301
               321   341
iipe(  3) =     20    20    20    20    20    20    20    20
                20    20    20    20    20    20    20    20
                20    20
ispt(  4) =      1    21    41    61    81   101   121   141
               161   181   201   221   241   261   281   301
               321   341
iipe(  4) =     20    20    20    20    20    20    20    20
                20    20    20    20    20    20    20    20
                20    20
ispt(  5) =      1    21    41    61    81   101   121   141
               161   181   201   221   261   281   301   321
               341     0
iipe(  5) =     20    20    20    20    20    20    20    20
                20    20    20    40    20    20    20    20
                20     0
ispt(  6) =      1    21    65    81   101   121   161   181
               201   221   241   261   281   301   321   341
                 0     0
iipe(  6) =     20    21    16    20    20    40    20    20
                20    20    20    20    20    20    20    20
                 0     0
ispt(  7) =      1    21     0    72    92   112     0   149
               161   181   201   221   241   261   281   301
               321   341
iipe(  7) =     20    14     0    20    20    14     0    12
                20    20    20    20    20    20    20    20
                20    20
ispt(  8) =      1    21    61    81   101   121   161   181
               201   221   241   261   281   301   321   341
                 0     0
iipe(  8) =     20    40    20    20    20    40    20    20
                20    20    20    20    20    20    20    20
                 0     0
ispt(  9) =      1    21    61    81   101   154   161   181
               201   221   241   261   281   301   321   341
                 0     0
iipe(  9) =     20    40    20    20    21     7    20    20
                20    20    20    20    20    20    20    20
                 0     0
ispt( 10) =      1    21    41    61    81     0     0   150
               161   181   201   221   241   261   281   301
               321   341
iipe( 10) =     20    20    20    20    20     0     0    11
                20    20    20    20    20    20    20    20
                20    20
ispt( 11) =      1    21    41    61    81   127   161   201
               221   241   261   281   301   321   341     0
                 0     0
iipe( 11) =     20    20    20    20    21    34    40    20
                20    20    20    20    20    20    20     0
                 0     0
ispt( 12) =      1    41    61    81   101   121   161     0
                 0   229   241   261   281   301   321   341
                 0     0
iipe( 12) =     40    20    20    20    20    40     7     0
                 0    12    20    20    20    20    20    20
                 0     0
ispt( 13) =      0    18    45    65    85   105   145     0
                 0     0   247   261   281   301   321     0
                 0     0
iipe( 13) =      0    27    20    20    20    40    20     0
                 0     0    14    20    20    20    27     0
                 0     0
ispt( 14) =      0    16    39    67    87   107     0     0
                 0     0   247   281   321     0     0     0
                 0     0
iipe( 14) =      0    23    28    20    20    40     0     0
                 0     0    34    40    14     0     0     0
                 0     0
ispt( 15) =      0    21    61   101   121   141     0     0
                 0   235   255   275   295   315     0     0
                 0     0
iipe( 15) =      0    40    40    20    20    12     0     0
                 0    20    20    20    20    14     0     0
                 0     0
ispt( 16) =      0    21    41    61    81   101   121   141
                 0     0   201   221   241   261   281   301
               321     0
iipe( 16) =      0    20    20    20    20    20    20    20
                 0     0    20    20    20    20    20    20
                20     0
 
jspt(  1) =      1    25    49    73    97   121   145   169
               194   218   242   266   290   314   338   362
jjpe(  1) =     24    24    24    24    24    24    24    25
                24    24    24    24    24    24    24    24
