  npes   npe   mpe   idm   jdm  ibig  jbig  nreg  minsea  maxsea  avesea
   307    18    23   360   385    40    17     2       6     340     295

ispt(  1) =      0     0    58     0     0     0     0     0
                 0     0     0     0   273   313     0     0
                 0     0
iipe(  1) =      0     0    25     0     0     0     0     0
                 0     0     0     0    40     9     0     0
                 0     0
ispt(  2) =      1    41    70     0     0     0     0     0
                 0     0     0   273   281   301   321     0
                 0     0
iipe(  2) =     40    29    31     0     0     0     0     0
                 0     0     0     8    20    20    40     0
                 0     0
ispt(  3) =      1    21    41    61    81   101   121   161
               201   241   281   301   321   341     0     0
                 0     0
iipe(  3) =     20    20    20    20    20    20    40    40
                40    40    20    20    20    20     0     0
                 0     0
ispt(  4) =      1    21    41    61    81   101   121   141
               161   181   201   221   241   261   281   301
               321   341
iipe(  4) =     20    20    20    20    20    20    20    20
                20    20    20    20    20    20    20    20
                20    20
ispt(  5) =      1    21    41    61    81   101   121   141
               161   181   201   221   241   261   281   301
               321   341
iipe(  5) =     20    20    20    20    20    20    20    20
                20    20    20    20    20    20    20    20
                20    20
ispt(  6) =      1    21    41    61    81   101   121   141
               161   181   201   221   241   261   281   301
               321   341
iipe(  6) =     20    20    20    20    20    20    20    20
                20    20    20    20    20    20    20    20
                20    20
ispt(  7) =      1    21    41    61    81   101   121   141
               161   181   201   221   261   281   301   321
               341     0
iipe(  7) =     20    20    20    20    20    20    20    20
                20    20    20    40    20    20    20    20
                20     0
ispt(  8) =      1    21    61    81   101   121   161   181
               201   221   261   281   301   321   341     0
                 0     0
iipe(  8) =     20    40    20    20    20    40    20    20
                20    40    20    20    20    20    20     0
                 0     0
ispt(  9) =      1    21     0    71    91   111     0   149
               161   181   201   221   241   261   281   301
               321   341
iipe(  9) =     20    16     0    20    20    15     0    12
                20    20    20    20    20    20    20    20
                20    20
ispt( 10) =      1    21     0    72    92   112     0   149
               161   181   201   221   241   261   281   301
               321   341
iipe( 10) =     20    13     0    20    20    13     0    12
                20    20    20    20    20    20    20    20
                20    20
ispt( 11) =      1    21     0    61    81   101   121   161
               181   201   221   241   261   281   301   321
               341     0
iipe( 11) =     20    11     0    20    20    20    40    20
                20    20    20    20    20    20    20    20
                20     0
ispt( 12) =      1    21    61    81   101   121   161   181
               201   221   241   261   281   301   321   341
                 0     0
iipe( 12) =     20    40    20    20    20    40    20    20
                20    20    20    20    20    20    20    20
                 0     0
ispt( 13) =      1    21    61    81   101   157   161   181
               201   221   241   261   281   301   321   341
                 0     0
iipe( 13) =     20    40    20    20    21     4    20    20
                20    20    20    20    20    20    20    20
                 0     0
ispt( 14) =      1    21    41    61    81     0     0   152
               161   181   201   221   241   261   281   301
               321   341
iipe( 14) =     20    20    20    20    20     0     0     9
                20    20    20    20    20    20    20    20
                20    20
ispt( 15) =      1    21    41    61    81     0     0   147
               176   201   221   241   261   281   301   321
               341     0
iipe( 15) =     20    20    20    20    15     0     0    29
                25    20    20    20    20    20    20    20
                20     0
ispt( 16) =      1    21    41    61    81   121   161   201
               241   261   281   301   321   341     0     0
                 0     0
iipe( 16) =     20    20    20    20    40    40    40    40
                20    20    20    20    20    20     0     0
                 0     0
ispt( 17) =      0    29    49    69    89   109   129     0
                 0     0   229   241   261   281   301   321
               341     0
iipe( 17) =      0    20    20    20    20    20    37     0
                 0     0    12    20    20    20    20    20
                14     0
ispt( 18) =      0    25    65    85   105   145     0     0
                 0     0   246   261   281   301   321   341
                 0     0
iipe( 18) =      0    40    20    20    40    20     0     0
                 0     0    15    20    20    20    20     7
                 0     0
ispt( 19) =     16    41    61    81   101   121     0     0
                 0     0     0   247   281   304     0     0
                 0     0
iipe( 19) =     25    20    20    20    20    20     0     0
                 0     0     0    34    23    37     0     0
                 0     0
ispt( 20) =      0    16    27    47    87   107     0     0
                 0     0   247   281     0     0     0     0
                 0     0
iipe( 20) =      0    11    20    40    20    40     0     0
                 0     0    34    27     0     0     0     0
                 0     0
ispt( 21) =      0    21    61   101   122     0     0     0
               238   258   278   298     0     0     0     0
                 0     0
iipe( 21) =      0    40    40    21    28     0     0     0
                20    20    20    27     0     0     0     0
                 0     0
ispt( 22) =      0    24    61   101   121   141     0     0
               220   259   280   300   320     0     0     0
                 0     0
iipe( 22) =      0    37    40    20    20    14     0     0
                39    21    20    20    14     0     0     0
                 0     0
ispt( 23) =      0    21    41    61    81   101   121   141
                 0     0   201   221   241   261   281   301
               321     0
iipe( 23) =      0    20    20    20    20    20    20    20
                 0     0    20    20    20    20    20    20
                20     0
 
jspt(  1) =      1    17    33    50    67    84   101   118
               135   152   169   186   203   220   237   254
               271   288   305   322   338   354   370
jjpe(  1) =     16    16    17    17    17    17    17    17
                17    17    17    17    17    17    17    17
                17    17    17    16    16    16    16
